eval_result: 
prompt_index: 1
confidence_score: 0.9
build_result: 1
identify_accuracy: 1.0
pass_rate: 0.989010989010989
response_time: 10.426340818405151
pass_testcases_num: 90
fail_testcases_num: 1
llm_errline_num_list: [7]
true_errline_num_list: [8, 9, 10, 11, 13, 15, 16, 17, 18, 19, 20, 21, 22, 23, 24, 25, 26, 27, 28, 29, 30, 31, 32, 33, 34]
