Test_Repo: exiv2-20
Prompt_ID: 1
Repeat_Num: 3
Total_Patch_Num: 3
Compilable_Patch_Num: 3
Plausible_Patch_Num: 0
Average_Response_Time: 15.287689685821533
Average_Confidence: 0.9633333333333333
Average_Identify_Accuracy: 0.0
Average_Pass_Rate: 0.2222222222222222
