Test_Repo: cppcheck-8
Prompt_ID: 3
Repeat_Num: 3
Total_Patch_Num: 3
Compilable_Patch_Num: 3
Plausible_Patch_Num: 0
Average_Response_Time: 7.66834831237793
Average_Confidence: 0.8000000000000002
Average_Identify_Accuracy: 0.3333333333333333
Average_Pass_Rate: 0.6309523809523809
